110011
11011
101100
101000
110
100011
111
111010
101101
111000
11110
110110
11100
10001
110101
101110
10111
111011
11110
100100
1011
111010
110001
110010
111101
110110
11101
11101
11011
101100
111101
110
100011
1101
111010
101101
110110
11110
110110
1011
10001
110101
110101
10111
111011
101001
100100
1011
1100
110001
110010
10110
110110
11101
100111
100111
101100
111101
110001
100011
1101
100001
101101
110110
110011
110110
1011
111100
110101
110101
101101
111011
101001
101101
1011
1100
1101
110010
10110
10110
11101
100111
10101
10101