101000
110
100011
111
111010
101101
110000
111000
100100
11100
10001
110101
101110
10111
111011
1001
11000
111011
111010
110001
110010
111101
110110
11101
101110
100110
10100
10100
110
100011
1101
111010
101101
110110
111000
100100
111110
10001
110101
110101
10111
111011
101001
11000
111011
1010
110001
110010
10110
110110
11101
100111
100110
10100
11001
11001
100011
1101
100001
101101
110110
110011
100100
111110
11100
110101
110101
101101
111011
101001
101101
111011
1010
111
110010
10110
10110
11101
100111
10101
10100
11001
111011
111011