111
111010
101101
110000
111000
100100
11111
10000
100101
101110
10111
111011
1001
11000
111011
111
110011
111011
111101
110110
11101
101110
100110
10100
101001
110111
110011
110011
111010
101101
110110
111000
100100
111110
10000
100101
110110
10111
111011
101001
11000
111011
1010
110011
111011
100000
110110
11101
100111
100110
10100
11001
110111
110011
11
11
101101
110110
110011
100100
111110
11100
100101
110110
110000
111011
101001
101101
111011
1010
111
111011
100000
100100
11101
100111
10101
10100
11001
111011
110011
11
11111
11111